
*******************************************  Drifts coefficients *******************************************

Id = 0.9986301369863013
BsmtFinSF1 = 0.06059848524045108
HeatingQC = 0.04718048949751097
MoSold = 0.04702918343376217
TotRmsAbvGrd = 0.044716888027077406
FullBath = 0.04148598617034782
BedroomAbvGr = 0.037384784859920916
1stFlrSF = 0.03534040389297788
TotalBsmtSF = 0.034855607990133874
ScreenPorch = 0.03405849814702844
MasVnrType = 0.028712348845165048
Fireplaces = 0.027226614937393645
LandContour = 0.026875785907325422
OverallQual = 0.026548509964757994
SaleCondition = 0.026291612706929257
Foundation = 0.025527806672139386
BsmtExposure = 0.025212441126934104
LotConfig = 0.024918245045292498
GarageCars = 0.024158744206004723
LotFrontage = 0.023775243311116245
YrSold = 0.023416987979688386
Condition1 = 0.02247862267722156
YearBuilt = 0.022348843878037705
BsmtCond = 0.020905393554073504
GarageYrBlt = 0.020458733060117584
GarageArea = 0.019636452302681073
Exterior2nd = 0.019475072467573407
2ndFlrSF = 0.017951687083203716
BldgType = 0.017159394683077034
BsmtFinType2 = 0.01668864568717221
RoofStyle = 0.016541926683743213
HouseStyle = 0.016139811127405146
BsmtFinType1 = 0.015665149487456453
LotShape = 0.015532895683504133
MSSubClass = 0.015032151895019608
GarageQual = 0.01460688095085505
GrLivArea = 0.014516883702576422
SaleType = 0.013740595818464652
BsmtFullBath = 0.013447798764479657
PavedDrive = 0.013308721000421908
BsmtQual = 0.012350959794750871
Heating = 0.012273385191311492
Fence = 0.011427246314585249
Functional = 0.010893459989739673
OverallCond = 0.010607943800016395
LandSlope = 0.010511475244417756
BsmtUnfSF = 0.010405953551252178
ExterCond = 0.010389174228752296
Alley = 0.010046906681637768
GarageFinish = 0.009920855190727274
ExterQual = 0.009545422837125228
Electrical = 0.007916753864572579
MiscFeature = 0.0075248472202595895
LowQualFinSF = 0.006820182602067959
Exterior1st = 0.006350059114388351
BsmtHalfBath = 0.006207543629198842
MasVnrArea = 0.006089065163799479
MSZoning = 0.006010327063578735
KitchenQual = 0.0058982980255821715
GarageType = 0.0052031151339269055
HalfBath = 0.00423715410746528
CentralAir = 0.004157506060093574
Neighborhood = 0.003683660412356682
GarageCond = 0.00315810093643476
FireplaceQu = 0.0026428880873115013
WoodDeckSF = 0.0020217352524851684
MiscVal = 0.0019110653434721847
BsmtFinSF2 = 0.0013907763535239148
Street = 0.001372681661874875
PoolQC = 0.001368923464306615
3SsnPorch = 0.00136891059376687
EnclosedPorch = 0.001131854559813128
OpenPorchSF = 0.0009836824724616111
RoofMatl = 0.0007431140682463422
PoolArea = 0.000677417685820414
KitchenAbvGr = 0.0006549071120285355
YearRemodAdd = 0.0003053754323536495
LotArea = 0.00028367441550369854
Condition2 = 2.441670070929547e-05
Utilities = 0.0
